500	2	2	0.0002	3.0017426664534845	3.7351424967525557	1.166277329208271	2.573781202187323	3.2026194826989927	1.5332196585699513	500	500	
1000	2	2	0.0001	4.224714133023165	5.162594032518733	1.3732305034025918	3.0764785100208334	3.7594519053624667	1.430321298612929	1000	1000	
10	2	2	0.01	1.284480827369473	2.048582892478971	0.6877672459308821	1.867609769102843	2.978599089443764	2.0428984479694217	10	10	
10	2	2	0.01	1.3057353803855412	1.7237451223052225	0.8031327095518567	1.6258027656651337	2.1462768254913462	1.8167472845061892	10	10	
10	2	2	0.001	1.4861361857118818	1.924252424840283	0.8049247119734665	1.846304584273803	2.390599265020098	1.5258714071682435	10	10	
10	2	2	0.001	1.1573231114864242	2.085271987479035	0.7128886832866413	1.6234275260911706	2.925101823562796	1.796532658007576	10	10	
10	2	2	0.001	1.5039254624803962	2.3099393085923468	1.0547602757653016	1.4258457556995063	2.190013562007088	1.6926469619803668	10	10	
10	2	2	0.001	1.6648010585550659	2.3504142969021142	1.2576050071592395	1.323786919643098	1.8689606701005301	1.5061010539259383	10	10	
10	2	2	0.001	1.6273286104285647	69.18814927427962	1.0167397706753656	1.600536004751361	68.04902421425066	1.6872766152201886	10	10	
10	2	2	0.001	1.306285806655557	1975.0949344272037	0.9521472296606339	1.3719367824250728	2074.358747156331	1.67306200375599	10	10	
10	2	2	0.001	1.104373511519163	1.7484278652549554	0.7643005169683188	1.4449467022471485	2.28761832085406	1.6332576255064286	10	10	
10	2	2	0.001	1.4684399631238374	1.9730686759461769	0.9765102152635701	1.5037630330651384	2.0205305025033717	1.6110566460695968	10	10	
10	2	2	0.001	1.313184445040421	2.039491428570906	0.9652831924826673	1.3604136643703146	2.1128425776537356	1.8679005089287741	10	10	
10	2	2	0.01	1.1351503830524297	1.968435153575633	0.8022819968758235	1.4149019764532087	2.4535452138287304	1.6299377128670658	10	10	
10	2	2	0.01	1.606266768424161	2.586981249336968	0.9612378959829279	1.6710397864429276	2.691301768426028	1.7807498892997973	10	10	
10	2	2	0.01	1.1090175964826263	1.8231446153082231	0.8719958084183563	1.271815283715853	2.0907722235673125	1.6697580008980382	10	10	
10	2	2	0.01	1.2483306770884979	1.8124569982045293	0.9285487252244782	1.344388983773266	1.9519244913791303	1.6225878905468325	10	10	
10	2	2	0.01	1.1892776082554661	1.543962319058498	0.7868608232253178	1.51142053734567	1.962179680937532	1.6275112569937449	10	10	
10	2	2	0.01	1.1315622868830528	1.9313993830506637	0.7800582445998787	1.4506125596601749	2.47596816830178	2.0309995602804407	10	10	
10	2	2	0.01	1.7463223844627667	2.8991834607308364	1.2156435451378225	1.4365414857401961	2.3848960267396015	1.8485850678947557	10	10	
10	2	2	0.01	1.062735791493819	1.8844608396527278	0.993064420371016	1.070157957221721	1.8976219477772445	1.8785043269607904	31	19	
100	2	2	0.001	2.0958359653476917	2.9335389738740782	0.9789814251773478	2.140833228748972	2.9965215870593784	1.5923138955671152	1459	655	
100	2	2	0.001	2.6317103818561445	3.514421520381461	1.5963564888487491	1.6485731102293233	2.201526754788945	1.5005497196742152	2231	1454	
100	2	2	0.001	2.13728656463585	2.692014463735334	1.2618010472701247	1.693838001846501	2.1334698283532423	1.5273200962473883	2206	422	
100	2	2	0.001	2.4680521963602375	3.0192351118364877	1.466956427792084	1.6824304727815964	2.0581627747326747	1.3917032477240916	1576	205	
100	2	2	0.001	1.7701714710528664	2.188450149499691	1.1279008745032564	1.5694388674292634	1.9402858876791949	1.5199484529000378	1425	157	
100	2	2	0.001	0	0	1.3308560664989606	0.0	0.0	1.4660890490689407	0	0	
