n   d   m   delta   cost    cluster_cost    real_cost   ratio   cluster_ratio   cluster_emd_ratio edges_seen  phases
500	2	2	0.0004	3.3620011708752195	4.113522595388133	1.1667404396165237	2.881533078582773	3.5256535693064155	1.5387504435120558	500	500	
1000	2	2	0.0002	3.9765982837654836	5.062168330967803	1.345649641404061	2.9551512974924665	3.7618769219050945	1.4444453008582114	1000	1000	
1500	2	2	0.00013333333333333334	3.337487810067207	4.327383689939318	1.1572742844051467	2.883921171533434	3.7392895947425697	1.4791716993837707	1500	1500	
2000	2	2	0.0001	4.812554692042412	5.955161103638942	1.313940205482238	3.6626892700007794	4.532292321059845	1.4241807773981705	2000	2000	
2500	2	2	8e-05	5.825075508004182	6.977924995202485	1.4803235343579335	3.935001621473724	4.713783732573736	1.3562217590073724	2500	2500	
3000	2	2	6.666666666666667e-05	3.983021412638653	4.921189037748374	1.2193276972453784	3.266571752316315	4.03598560818883	1.4258817177933867	3000	3000	
3500	2	2	5.714285714285714e-05	6.739082437076883	7.5554795654969125	1.4641518447540425	4.602720995928504	5.160311474911354	1.3580674742039092	3500	3500	
4000	2	2	5e-05	5.885928687103966	6.770521244019612	1.460992033967512	4.028720588653703	4.6341944970318485	1.3685686357660134	4000	4000	
500	2	2	0.0004	3.655640555335986	4.407290271890625	1.349345589439783	2.7091951713079845	3.2662427671479106	1.4514833619753411	500	500	
1000	2	2	0.0002	2.61679540630044	3.7148748485098784	1.142037547126574	2.291339205864495	3.2528482604242717	1.5135435324739037	1000	1000	
1500	2	2	0.00013333333333333334	4.301074987919809	5.21378109256193	1.3262316306712583	3.2430797821816877	3.9312748783732663	1.4204517319958085	1500	1500	
2000	2	2	0.0001	4.012887900557097	4.90257993467548	1.277058661301521	3.142289404675696	3.8389622052905468	1.4230449707914288	2000	2000	
2500	2	2	8e-05	7.0169241608870765	8.12684544139384	1.5783691518265792	4.445679993660982	5.14888765533018	1.3500419062094007	2500	2500	
3000	2	2	6.666666666666667e-05	5.906569992403776	6.877733792570575	1.4049310067576957	4.20417085536106	4.895424586324015	1.3832178729033129	3000	3000	
3500	2	2	5.714285714285714e-05	5.224005159609307	6.147465010421581	1.252700805020979	4.1701938233541895	4.907368931018313	1.4232464287143802	3500	3500	
4000	2	2	5e-05	4.909487223120853	5.871337624211587	1.2995599135516323	3.7778075269369227	4.517943007464361	1.4024748815893995	4000	4000	
500	2	2	0.0004	2.6975555963281286	3.6009178019963786	1.1113144322276276	2.427355857262542	3.2402330947671993	1.5021976028615396	500	500	
1000	2	2	0.0002	3.307285689260833	4.109350327253981	1.1549387925572947	2.863602565411936	3.5580676255188846	1.5128488627822316	1000	1000	
1500	2	2	0.00013333333333333334	4.41293957400806	5.205832944719326	1.2674174225716346	3.481835972440753	4.107433630000531	1.4474010434274984	1500	1500	
2000	2	2	0.0001	4.73053015947166	5.716890059318419	1.3953095657888626	3.3903086995588483	4.097219856789469	1.3671406178113552	2000	2000	
2500	2	2	8e-05	5.160954781116259	6.0187195321889755	1.4007372498110822	3.684456011869691	4.296822643219292	1.393999514427434	2500	2500	
3000	2	2	6.666666666666667e-05	4.746107040936822	5.857840594186622	1.3143123676501456	3.6110951686640296	4.456962240003747	1.4027573316774347	3000	3000	
3500	2	2	5.714285714285714e-05	7.040775282610677	7.84462407235423	1.5393254902126448	4.573935355048303	5.096143812489301	1.35379812974067	3500	3500	
4000	2	2	5e-05	4.868839811379641	5.730594301119583	1.2344005134450937	3.9442950309467832	4.642410821043846	1.4268682985548122	4000	4000	
500	2	2	0.0004	2.579216627783418	3.490106536385768	1.0513011558809975	2.453356598492481	3.3197971074815715	1.5941703724463645	500	500	
1000	2	2	0.0002	3.4978890559628235	4.661613251581132	1.2741954217736289	2.7451747166803524	3.6584759071668564	1.4552029503229453	1000	1000	
1500	2	2	0.00013333333333333334	3.27271112124563	4.372955647899769	1.1825361631051017	2.767535761994923	3.697946654263214	1.4835087910944214	1500	1500	
2000	2	2	0.0001	5.234472953968974	6.062174030213716	1.5105349979051088	3.4653106093062545	4.013262876147236	1.371507621123874	2000	2000	
2500	2	2	8e-05	4.001605405630174	4.80972160911	1.2157262913510472	3.2915348085325653	3.9562536759527633	1.4494006035174358	2500	2500	
3000	2	2	6.666666666666667e-05	5.828041549631191	6.8936364425374945	1.3498818936254753	4.317445531459348	5.10684414324779	1.385988501055728	3000	3000	
3500	2	2	5.714285714285714e-05	5.247638592205193	6.247028850391858	1.3072558927404798	4.014239768469698	4.778734511799241	1.4084266589097316	3500	3500	
4000	2	2	5e-05	7.03334759714073	7.918092358715942	1.6649538340526413	4.224349920874956	4.755742890145261	1.316812653723702	4000	4000	
500	2	2	0.0004	3.3503903727234894	4.162074838436002	1.2077810291359317	2.774004800456602	3.4460508469930393	1.535928927505883	500	500	
1000	2	2	0.0002	2.9643555028517796	3.6739835160912304	1.0739792568726856	2.760160854022144	3.420907333712835	1.498110498108006	1000	1000	
1500	2	2	0.00013333333333333334	4.932792180064065	5.765136835188404	1.3916351277087797	3.544601657322008	4.14270717977654	1.4041548400933355	1500	1500	
2000	2	2	0.0001	4.0602922881493155	5.161064358592195	1.2195387459577047	3.329367190347663	4.231980636694906	1.4414102448827164	2000	2000	
2500	2	2	8e-05	6.502021085347387	7.564167851879252	1.735889663281658	3.74564191658096	4.357516501123333	1.3251444091914664	2500	2500	
3000	2	2	6.666666666666667e-05	6.42877278893808	7.52736126958882	1.7105200591352807	3.758373223748114	4.4006273000938245	1.2972255646042092	3000	3000	
3500	2	2	5.714285714285714e-05	4.261446140433589	5.348103762441781	1.2344828085135842	3.4520093038514728	4.332262649231482	1.4120047984978372	3500	3500	
4000	2	2	5e-05	6.42674430849485	7.299123548858163	1.4068339815079371	4.56823221003394	5.18833326803386	1.3837521206055239	4000	4000	
