n   p   dim delta   cost    real_cost   cluster_ratio   ratio   edges_seen  phases
500	2	2	0.001	2.590969182890771	7.118569267260201	1.210925800347608	2.13965973980157	5.878617224289669	500	500	
1000	2	2	0.0005	3.8242485650773412	8.88435400931882	1.3302324661054632	2.8748723719498726	6.678798056500338	1000	1000	
1500	2	2	0.0003333333333333333	4.1661994824032424	9.40594757465732	1.2464395581682217	3.342480150843355	7.546252454054316	1500	1500	
500	2	2	0.0005	3.755890031348824	7.499733337475107	1.3839045705450106	2.7139805094145153	5.4192561373805965	500	500	
1000	2	2	0.00025	4.300686664625636	9.130125880667087	1.5909520493506104	2.7032157671760606	5.738781306698585	1000	1000	
1500	2	2	0.00016666666666666666	4.1830025737144565	9.504949482008758	1.2690636548039498	3.2961329858277786	7.489734219421107	1500	1500	
2000	2	2	0.000125	4.888480193402137	10.6223956989618	1.3083356483280373	3.736411370927084	8.11901419374798	2000	2000	
2500	2	2	0.0001	4.58346966118816	11.173519757106327	1.3236866316778206	3.462654643099664	8.441212209677971	2500	2500	
500	2	2	0.0005	3.1460444243996863	4.052482068679902	1.2253221032875061	2.5675244215043	3.307279006725825	500	500	
1000	2	2	0.00025	4.905933374458924	5.708458874469749	1.544663510887365	3.1760531273510866	3.695600261308952	1000	1000	
500	2	2	0.002	2.683153069134572	3.5713359668869593	1.1469350585583624	2.3394115029556737	3.1138083540457315	500	500	
1000	2	2	0.001	4.636450600945891	5.4349369563954895	1.4136781855220928	3.2797072547551407	3.8445361978817583	1000	1000	
1500	2	2	0.0006666666666666666	4.748972885729804	5.587268272864179	1.3737920182724117	3.4568354034417763	4.067040861025202	1500	1500	
2000	2	2	0.0005	5.107532232045846	6.007074218749314	1.4150465203463658	3.6094447487109167	4.245142567665508	2000	2000	
2500	2	2	0.0004	5.25682047882302	6.282998159525369	1.4902958362241894	3.5273670844720937	4.215940222609734	2500	2500	
3000	2	2	0.0003333333333333333	4.967510439656722	5.828295217750399	1.349341933370739	3.681431901584482	4.319361218687511	3000	3000	
3500	2	2	0.00028571428571428574	5.798433645142786	6.830325100218581	1.4819191040823447	3.91278689178744	4.6091079340313605	3500	3500	
4000	2	2	0.00025	5.853381097174277	6.865411790709874	1.402652871179754	4.173078897454558	4.894590765664966	4000	4000	
500	2	2	0.002	2.5181662717263458	3.3772498196014356	1.020555986772364	2.4674454947742377	3.3092254255275213	500	500	
1000	2	2	0.001	4.784724347979637	5.558773516008393	1.3855396631835308	3.453329034973894	4.01199161865644	1000	1000	
1500	2	2	0.0006666666666666666	4.368133887512891	5.16617546737226	1.3291570848355274	3.286394014183367	3.886805800694004	1500	1500	
2000	2	2	0.0005	3.7745483175938093	4.617033832482765	1.2179898148637989	3.098998260519852	3.790699869685743	2000	2000	
2500	2	2	0.0004	5.0881145320568875	6.135003155206678	1.3872410508530009	3.667794093123366	4.422449257419483	2500	2500	
3000	2	2	0.0003333333333333333	5.606464653943285	6.378091259620909	1.3172494191889943	4.256190644134108	4.841976900280419	3000	3000	
3500	2	2	0.00028571428571428574	3.9311682974630022	4.920805315781646	1.1992157039029392	3.278116092600117	4.103352966248281	3500	3500	
4000	2	2	0.00025	6.376094439932032	7.786824905263663	1.6773833038376358	3.801214919299813	4.642245387472509	4000	4000	
500	2	2	0.002	2.8268458849385047	3.927329870097107	1.1599102273891477	2.437124717230468	3.385891233097555	500	500	
1000	2	2	0.001	3.5809495348742377	4.394346963430687	1.2186194558274606	2.9385297582030807	3.6060042718149945	1000	1000	
1500	2	2	0.0006666666666666666	4.404953406245219	5.400429220805212	1.3582842524604204	3.243027663956206	3.9759197760135834	1500	1500	
2000	2	2	0.0005	3.6445520499714674	4.617862640522239	1.124039661003175	3.242369621298596	4.108273756462403	2000	2000	
2500	2	2	0.0004	4.095038879206208	5.238341289819925	1.2496839521475394	3.2768596189212666	4.191732862391338	2500	2500	
3000	2	2	0.0003333333333333333	8.020256478492774	9.285823729816421	1.8372927926399862	4.365257682728159	5.054079440693675	3000	3000	
3500	2	2	0.00028571428571428574	5.587791245731938	7.1628011529731745	1.4785539803607768	3.7792270826449506	4.844463745060836	3500	3500	
4000	2	2	0.00025	6.089018442799282	6.935187192845441	1.3450628514614	4.52693971600183	5.156032065944291	4000	4000	
4500	2	2	0.00022222222222222223	3.9535272368082297	5.003710017518417	1.2432613952957716	3.179964609025511	4.024664512588711	4500	4500	
