n   p   dim m   real_cost   cluster_cost    cluster_emd_cost    cluster_ratio   cluster_emd_ratio   visited_nodes   visited_edges   dfs_visited_nodes   dfs_visited_edges
500	2	2	2	0.04102183852012148	0.27855363488197327	0.2785539178619644	6.790374223362536	6.790381121639194	36421	30723	34884	68095	
500	2	2	2	0.04525444778828656	0.2654127776622772	0.26541290072928847	5.864899267005869	5.864901986451521	34919	27778	33719	65898	
500	2	2	2	0.03770313444909385	0.35494211316108704	0.35494230419413325	9.414127455114482	9.414132521882776	37241	29842	35839	70038	
500	2	2	2	0.04336272715509798	0.31791138648986816	0.31791159076229925	7.331443554109871	7.331448264893636	30365	23630	27263	52844	
500	2	2	2	0.038844993950805026	0.29404279589653015	0.29404297847994837	7.569644527913137	7.569649228220683	35987	29137	33364	65060	
1000	2	2	2	0.029150582824948496	0.1540866643190384	0.15408675863620377	5.285886228908037	5.285889464423634	108407	89893	99028	194636	
1000	2	2	2	0.03179096144061753	0.195161834359169	0.19516195858500537	6.138909473490213	6.138913381073713	111629	92104	104827	206198	
1000	2	2	2	0.028830043792725035	0.22559785842895508	0.22559809558686855	7.825095932940704	7.825104159009149	104971	87794	93799	184122	
1000	2	2	2	0.034812092286057236	0.23073574900627136	0.23073586091835163	6.6280345091089075	6.628037723856225	114065	94388	101615	199733	
1000	2	2	2	0.024043474642989757	0.16886629164218903	0.16886641266376134	7.023373041941946	7.023378075389654	88963	73065	76836	150342	
1500	2	2	2	0.02803760534458172	0.16222381591796875	0.1622240217245501	5.785936920226983	5.785944260603553	266578	233360	237846	470568	
1500	2	2	2	0.02269350976639991	0.13714522123336792	0.13714532886134004	6.043367581528778	6.04337232420513	219263	181535	203552	401886	
1500	2	2	2	0.025358059768905754	0.1571074277162552	0.15710753452583093	6.195561850867688	6.1955660629240015	241559	206764	216013	426806	
1500	2	2	2	0.025484917228016987	0.18016281723976135	0.18016296109539048	7.0693899308292965	7.069395575565273	241707	206267	229074	453000	
1500	2	2	2	0.021519117553163276	0.14491799473762512	0.1449182387561576	6.734383711581259	6.734395051197388	208178	171261	194997	385225	
2000	2	2	2	0.025447241046208487	0.1682533174753189	0.16825344399658454	6.6118490868929705	6.611854058797996	434416	376868	400146	793102	
2000	2	2	2	0.021220487710520555	0.13322629034519196	0.13322644876904632	6.2781917250253345	6.278199190633879	368895	323554	337895	668949	
2000	2	2	2	0.019362694855827967	0.11972173303365707	0.11972189068041508	6.183113142312528	6.183121284090269	333614	279574	315398	623920	
2000	2	2	2	0.020848386980058184	0.13884025812149048	0.13884045006820564	6.659520386603213	6.659529593392945	393026	339784	369478	732029	
2000	2	2	2	0.019348273472031222	0.13503308594226837	0.1350332063878829	6.979076770723993	6.9790829958590015	319166	270483	299913	592769	
2500	2	2	2	0.017787968362659595	0.1456465721130371	0.14564643472903752	8.187926195032908	8.187918471610153	523333	453620	487067	965735	
2500	2	2	2	0.020798481356487656	0.11707203835248947	0.1170718134216484	5.628874356058274	5.6288635412859245	621966	551702	579906	1150509	
2500	2	2	2	0.017912951195877942	0.11713546514511108	0.11713516663891727	6.539149460311478	6.539132796044906	512954	442085	470509	932815	
2500	2	2	2	0.018041505146748543	0.10145551711320877	0.10145532745880001	5.623450831179303	5.623440319062536	538315	461235	502848	997079	
2500	2	2	2	0.018150454622317836	0.11800172924995422	0.1180014979905881	6.5013098407385925	6.501297099494864	588188	518506	541068	1073430	
3000	2	2	2	0.018097373955919923	0.10683077573776245	0.10683105569178064	5.903109257617816	5.903124726935014	891254	801346	816564	1622044	
3000	2	2	2	0.018114009596627238	0.11143866926431656	0.11143882922472538	6.152070786418598	6.152079617175144	834537	745703	737684	1464855	
3000	2	2	2	0.017726225992426743	0.14173206686973572	0.14173200484329365	7.99561434736805	7.9956108482339365	772897	669899	697468	1383618	
3000	2	2	2	0.015353246573027593	0.13856664299964905	0.13856668162800428	9.02523400119694	9.025236517170033	681576	590429	623641	1236897	
3000	2	2	2	0.016532783127832528	0.12465610355138779	0.12465628096894985	7.539934600698436	7.5399453319564875	760534	669905	715573	1420225	
3500	2	2	2	0.021076113882782136	0.15361446142196655	0.15361476723906065	7.288557192104562	7.288571702231799	1159207	1032817	1062270	2111499	
3500	2	2	2	0.01602899097551043	0.10371973365545273	0.1037200550980259	6.470758752932036	6.470778806756614	964423	851551	916470	1820188	
3500	2	2	2	0.01619408115944465	0.11202360689640045	0.11202394617095617	6.917564867894123	6.917585818422429	1023224	912070	953102	1894872	
3500	2	2	2	0.01662444479090837	0.14487995207309723	0.14488034493126867	8.714874625607326	8.714898256963222	1137023	1014558	1063713	2114028	
3500	2	2	2	0.01535111474727903	0.10841500759124756	0.10841532776179211	7.0623540619722105	7.062374918473502	891398	776408	843902	1675860	
4000	2	2	2	0.01666407389652063	0.1452101767063141	0.14521047953734925	8.713966201064027	8.713984373753194	1043514	902408	960694	1908253	
4000	2	2	2	0.01339145070498712	0.08738595992326736	0.0873862197750552	6.525503610353724	6.525523014658273	1329995	1182343	1277216	2540735	
4000	2	2	2	0.015828848753282585	0.09969756752252579	0.09969759553654246	6.298472433243164	6.298474203050755	1395971	1245688	1288853	2563678	
4000	2	2	2	0.01591615783369447	0.11671382933855057	0.11671375519305421	7.333040458512396	7.3330358000076785	1454914	1294000	1363460	2711339	
4000	2	2	2	0.01924878727311764	0.11066880077123642	0.11066869574534874	5.749390816209685	5.74938535997568	1357327	1201151	1271354	2529059	
