0.633182 0.773795
0.700848 0.969849
0.037636 0.163935
0.091315 0.595185
0.199682 0.182689
0.880670 0.304863
0.416830 0.392110
0.377400 0.019269
0.280340 0.222309
0.398423 0.527000
0.173736 0.101249
0.629204 0.528042
0.483905 0.943793
0.614792 0.705260
0.920341 0.158163
0.212441 0.038448
0.743460 0.069931
0.258745 0.045453
0.215156 0.584081
0.970324 0.991530
0.506389 0.123347
0.451648 0.622979
0.056875 0.478989
0.080155 0.426424
0.223854 0.176090
0.767856 0.960941
0.613503 0.862176
0.053797 0.419623
0.705668 0.705221
0.534927 0.375073
0.848598 0.740947
0.199783 0.551503
0.585022 0.726015
0.747391 0.341566
0.487761 0.854694
0.100715 0.190879
0.377226 0.960869
0.275425 0.233698
0.324479 0.851990
0.889829 0.019220
0.081769 0.463681
0.765763 0.073632
0.813370 0.704129
0.866358 0.685455
0.171101 0.458416
0.847207 0.523399
0.913069 0.572366
0.059746 0.194912
0.160983 0.631684
0.808755 0.585130
0.852391 0.169989
0.471544 0.498238
0.618943 0.752889
0.319189 0.794176
0.573219 0.388216
0.875746 0.402801
0.382080 0.019033
0.717510 0.063458
0.020274 0.208715
0.104806 0.750800
0.714932 0.897314
0.712892 0.427627
0.510034 0.361161
0.965032 0.299580
0.470096 0.645934
0.606739 0.356346
0.255556 0.520434
0.851364 0.003350
0.240148 0.411837
0.965500 0.458175
0.773620 0.979186
0.162253 0.392944
0.679183 0.882232
0.978498 0.814958
0.951320 0.331741
0.116205 0.564940
0.791195 0.542050
0.728844 0.722877
0.637821 0.551158
0.986281 0.463733
0.429658 0.237676
0.816734 0.701549
0.814877 0.906180
0.557361 0.132876
0.366688 0.778391
0.161389 0.517578
0.599665 0.425239
0.450587 0.883480
0.822309 0.655991
0.382497 0.136834
0.223833 0.426577
0.704487 0.633094
0.845731 0.732552
0.142852 0.220191
0.759208 0.614524
0.699678 0.387488
0.094447 0.195153
0.489131 0.101492
0.402122 0.317205
0.720311 0.916106
