0.880448 0.016254
0.561917 0.283786
0.911262 0.298062
0.258351 0.854044
0.640292 0.414001
0.189161 0.763065
0.869875 0.601166
0.758046 0.580083
0.307980 0.393848
0.517252 0.547429
0.794685 0.922365
0.904857 0.912814
0.493530 0.503557
0.165408 0.771763
0.266330 0.868013
0.856094 0.884754
0.526819 0.653679
0.558245 0.918426
0.142837 0.387253
0.670556 0.892638
0.619311 0.158581
0.067227 0.695931
0.267317 0.439177
0.466676 0.736551
0.911906 0.014368
0.687386 0.469919
0.510282 0.404854
0.414252 0.385024
0.193159 0.261158
0.504405 0.635455
0.942271 0.898682
0.115398 0.482405
0.343920 0.055395
0.093701 0.975188
0.860028 0.315173
0.283360 0.537317
0.343608 0.261005
0.454383 0.775004
0.459573 0.981390
0.088033 0.560162
0.837638 0.278240
0.469619 0.875167
0.015166 0.321408
0.513020 0.195032
0.464443 0.541364
0.425298 0.596548
0.856220 0.727089
0.840877 0.193946
0.768925 0.696520
0.065844 0.286003
0.498396 0.821797
0.149473 0.520526
0.748662 0.105642
0.727115 0.562380
0.041701 0.860328
0.025078 0.203798
0.819382 0.314790
0.470992 0.262152
0.390323 0.659322
0.991086 0.876901
0.189853 0.381811
0.312592 0.346281
0.130008 0.413300
0.300875 0.963731
0.041865 0.314504
0.473586 0.542257
0.707501 0.012605
0.694697 0.732055
0.369581 0.565692
0.849123 0.421784
0.262292 0.109148
0.398349 0.879507
0.727481 0.117157
0.481787 0.752941
0.780819 0.697080
0.562731 0.557129
0.848982 0.718327
0.964614 0.486444
0.738541 0.084237
0.233596 0.376864
0.751084 0.588012
0.587847 0.751387
0.549095 0.522348
0.956541 0.292383
0.838206 0.559248
0.191741 0.171534
0.464341 0.679688
0.480094 0.681471
0.554548 0.385770
0.068228 0.777579
0.502683 0.886702
0.084457 0.125196
0.357041 0.852749
0.355840 0.686303
0.993057 0.946816
0.898616 0.923588
0.103396 0.100725
0.576259 0.328948
0.156602 0.612307
0.946983 0.989992
